35 890
105 890
175 890
245 890
315 890
385 890
455 890
525 890
595 890
665 890
735 890
805 890
875 890
945 890
35 870
105 870
175 870
245 870
315 870
385 870
455 870
525 870
595 870
665 870
735 870
805 870
875 870
945 870
35 850
105 850
175 850
245 850
315 850
385 850
455 850
525 850
595 850
665 850
735 850
805 850
875 850
945 850
35 830
105 830
175 830
245 830
315 830
385 830
455 830
525 830
595 830
665 830
735 830
805 830
875 830
945 830
35 810
105 810
175 810
245 810
315 810
385 810
455 810
525 810
595 810
665 810
735 810
805 810
875 810
945 810
35 790
105 790
175 790
245 790
315 790
385 790
455 790
525 790
595 790
665 790
735 790
805 790
875 790
945 790
35 770
105 770
175 770
245 770
315 770
385 770
455 770
525 770
595 770
665 770
735 770
805 770
875 770
945 770
35 750
105 750
175 750
245 750
315 750
385 750
455 750
525 750
595 750
665 750
735 750
805 750
875 750
945 750
